1 2002.12.07 5.2 8.2 3.3 9.0 0.0
2 2002.12.14 0.0 4.2 -5.4 5.1 0.0
3 2002.12.21 6.5 11.7 2.8 3.1 0.0
4 2002.12.28 -0.9 3.2 -5.5 6.5 0.0
5 2003.01.04 -10.2 -6.8 -13.4 6.0 0.2
6 2003.01.11 0.6 4.9 -3.3 1.4 0.0
7 2003.01.18 1.9 3.8 0.7 8.6 0.0
8 2003.01.25 0.3 4.7 -5.0 3.4 0.0
9 2003.02.01 -1.3 4.5 -6.7 2.0 0.0
10 2003.02.08 4.5 6.0 3.1 6.3 3.0
11 2003.02.15 4.0 9.7 -0.2 5.4 0.0
12 2003.02.22 3.8 4.9 1.3 10.0 19.0
13 2003.03.01 6.5 10.2 4.0 6.1 0.5
14 2003.03.08 2.6 4.8 0.8 8.5 0.5
15 2003.03.15 8.3 13.4 4.3 5.5 0.0
16 2003.03.22 9.8 14.9 5.4 0.3 0.0
17 2003.03.29 8.0 13.0 2.0 3.9 0.0
18 2003.04.05 12.0 17.7 7.6 0.3 0.0
19 2003.04.12 10.2 13.4 8.3 8.9 0.0
20 2003.04.19 10.3 12.1 8.3 10.0 7.5
21 2003.04.26 14.4 19.8 8.6 1.5 0.0
22 2003.05.03 18.1 24.3 11.0 4.4 0.0
23 2003.05.10 15.9 22.5 10.5 3.5 0.0
24 2003.05.17 19.6 25.1 15.6 3.9 0.0
25 2003.05.24 20.5 25.6 16.5 9.3 0.5
26 2003.05.31 24.1 30.3 18.3 2.0 0.0
27 2003.06.07 20.9 27.2 14.4 3.6 0.0
28 2003.06.14 20.2 22.7 18.6 8.8 0.5
29 2003.06.21 23.5 27.9 19.4 5.5 0.0
30 2003.06.28 22.8 28.1 18.1 4.1 0.5
31 2003.07.05 25.1 30.5 19.8 3.8 0.0
32 2003.07.12 23.3 25.4 21.4 9.3 2.0
33 2003.07.19 20.4 21.6 19.0 8.5 7.0
34 2003.07.26 25.6 29.1 22.8 8.5 0.0
35 2003.08.02 25.0 29.0 21.8 9.9 19.0
36 2003.08.09 26.7 31.6 22.3 2.4 0.0
37 2003.08.16 23.5 26.5 21.4 9.1 0.0
38 2003.08.23 24.6 25.6 24.0 10.0 75.5
39 2003.08.30 20.2 24.0 16.6 10.0 10.0
40 2003.09.06 22.3 25.7 18.5 7.5 0.0
41 2003.09.13 22.0 25.0 19.7 9.3 3.0
42 2003.09.20 20.6 25.3 17.9 6.3 0.0
43 2003.09.27 20.4 25.9 15.1 5.9 0.0
44 2003.10.04 15.3 20.6 11.0 3.0 0.0
45 2003.10.11 20.0 25.3 14.8 5.8 0.0
46 2003.10.18 14.0 19.3 10.3 1.8 0.0
47 2003.10.25 12.2 16.2 8.8 2.5 5.5
48 2003.11.01 14.3 20.7 9.3 0.9 0.0
49 2003.11.08 9.4 11.3 8.5 10.0 14.0
50 2003.11.15 10.7 15.6 7.4 6.8 0.2
51 2003.11.22 -0.1 3.4 -3.2 0.0 0.0
52 2003.11.29 8.7 11.1 7.5 9.8 0.2
53 2003.12.06 3.4 8.8 -4.4 6.3 0.5
54 2003.12.13 0.4 4.5 -3.5 0.1 0.0
55 2003.12.20 -4.8 -0.8 -8.1 0.0 0.0
56 2003.12.27 -3.0 1.1 -6.5 0.4 0.0
57 2004.01.03 3.9 7.1 1.6 0.8 0.0
58 2004.01.10 -0.3 3.2 -3.5 3.3 0.0
59 2004.01.17 1.2 3.2 0.6 9.4 7.9
60 2004.01.24 -7.3 -3.7 -10.1 0.4 0.0
61 2004.01.31 1.9 7.4 -2.5 1.0 0.0
62 2004.02.07 -3.6 -0.4 -7.6 2.9 0.0
63 2004.02.14 3.5 6.8 0.8 4.5 0.4
64 2004.02.21 10.7 14.6 7.9 10.0 46.0
65 2004.02.28 5.5 10.5 0.3 7.3 1.0
66 2004.03.06 -3.4 -0.8 -5.0 2.3 0.0
67 2004.03.13 7.8 12.6 4.0 5.8 0.0
68 2004.03.20 7.0 12.3 2.2 3.5 0.0
69 2004.03.27 10.8 16.2 6.0 1.1 0.0
70 2004.04.03 6.4 9.6 2.7 4.0 0.0
71 2004.04.10 15.1 21.3 8.5 5.6 0.0
72 2004.04.17 17.5 23.0 11.3 0.3 0.0
73 2004.04.24 11.8 17.2 7.9 2.6 0.0
74 2004.05.01 19.6 25.7 13.1 4.1 0.0
75 2004.05.08 18.1 21.5 13.6 8.6 0.0
76 2004.05.15 15.9 18.7 13.6 9.5 0.5
77 2004.05.22 17.8 23.2 12.3 1.3 0.0
78 2004.05.29 20.1 24.7 16.7 6.4 0.0
79 2004.06.05 25.8 31.2 21.7 8.6 0.0
80 2004.06.12 25.0 30.7 19.7 0.9 0.0
81 2004.06.19 20.7 22.7 19.6 10.0 84.0
82 2004.06.26 24.3 28.5 22.5 6.9 0.1
83 2004.07.03 24.4 26.8 22.0 10.0 10.5
84 2004.07.10 24.1 28.8 19.8 3.9 0.0
85 2004.07.17 22.3 23.2 21.6 9.3 37.5
86 2004.07.24 27.6 30.8 23.7 7.1 0.0
87 2004.07.31 29.9 34.5 24.7 1.6 0.0
88 2004.08.07 28.5 32.4 26.2 4.9 0.0
89 2004.08.14 26.3 29.2 24.0 8.9 3.0
90 2004.08.21 23.3 25.5 21.0 8.6 0.0
91 2004.08.28 23.9 26.6 22.1 8.6 0.0
92 2004.09.04 24.9 30.0 20.7 6.4 0.2
93 2004.09.11 17.4 20.6 16.0 9.9 56.5
94 2004.09.18 21.8 23.7 18.3 7.6 6.5
95 2004.09.25 21.6 26.3 17.1 4.9 0.0
96 2004.10.02 12.6 17.7 8.8 0.3 0.0
97 2004.10.09 20.0 25.1 15.1 3.8 0.0
98 2004.10.16 15.9 23.2 10.6 0.9 0.0
99 2004.10.23 12.1 17.7 7.6 1.8 0.0
100 2004.10.30 15.3 22.1 9.8 1.3 0.0
101 2004.11.06 8.1 12.6 4.3 0.6 0.0
102 2004.11.13 4.1 7.9 0.2 6.5 0.0
103 2004.11.20 7.4 11.5 4.3 1.0 0.0
104 2004.11.27 7.3 10.1 3.7 5.4 0.0
105 2004.12.04 9.0 10.5 6.0 9.3 15.0
106 2004.12.11 4.2 9.1 -0.4 4.4 0.0
107 2004.12.18 3.7 6.5 1.1 5.0 0.0
108 2004.12.25 -1.8 1.2 -4.3 2.4 0.0
109 2005.01.01 -4.9 -1.0 -8.8 0.9 0.0
110 2005.01.08 -5.0 0.8 -8.0 1.3 0.0
111 2005.01.15 -2.6 1.6 -6.5 1.4 0.0
112 2005.01.22 -2.2 2.5 -7.3 5.1 0.0
113 2005.01.29 -0.8 2.7 -6.1 4.6 2.2
114 2005.02.05 -1.6 2.0 -4.9 2.3 0.0
115 2005.02.12 -4.1 0.1 -7.5 4.1 0.0
116 2005.02.19 -2.4 3.2 -7.9 4.1 0.2
117 2005.02.26 -5.0 -1.0 -8.6 0.0 0.0
118 2005.03.05 -0.9 3.0 -4.1 3.6 0.0
119 2005.03.12 -3.9 -0.8 -6.5 1.1 0.0
120 2005.03.19 4.3 10.3 -0.6 2.6 0.0
121 2005.03.26 6.8 10.8 2.5 6.0 0.0
122 2005.04.02 10.4 15.8 6.5 6.5 0.0
123 2005.04.09 13.4 15.8 11.3 9.1 41.5
124 2005.04.16 10.8 15.8 5.5 0.0 0.0
125 2005.04.23 13.4 19.6 7.5 0.0 0.0
126 2005.04.30 23.5 29.8 19.2 6.3 0.0
127 2005.05.07 13.5 19.7 6.3 2.5 0.0
128 2005.05.14 16.7 20.7 13.3 4.9 0.0
129 2005.05.21 17.7 22.8 13.6 6.4 0.0
130 2005.05.28 22.0 28.2 15.8 5.8 0.0
131 2005.06.04 19.5 23.6 15.8 6.1 0.0
132 2005.06.11 21.0 26.8 16.6 0.0 0.0
133 2005.06.18 23.1 27.2 20.6 8.0 0.0
134 2005.06.25 25.4 29.2 22.2 7.8 0.0
135 2005.07.02 23.9 26.1 22.8 9.8 1.0
136 2005.07.09 22.4 23.7 21.3 9.0 40.0
137 2005.07.16 26.0 29.1 24.2 8.1 0.0
138 2005.07.23 30.2 33.9 26.2 4.8 0.0
139 2005.07.30 26.1 29.5 24.3 8.8 0.0
140 2005.08.06 29.0 35.0 25.8 3.9 0.5
141 2005.08.13 27.2 30.1 25.1 8.1 0.5
142 2005.08.20 23.2 28.2 19.3 7.0 0.5
143 2005.08.27 23.6 27.8 21.0 4.4 0.0
144 2005.09.03 23.7 27.3 21.6 9.0 0.0
145 2005.09.10 24.1 28.2 20.0 4.4 0.0
146 2005.09.17 22.5 23.7 21.1 10.0 74.0
147 2005.09.24 20.9 25.7 17.1 6.0 0.0
148 2005.10.01 20.1 21.6 18.8 8.9 14.5
149 2005.10.08 16.1 20.6 13.8 4.3 0.0
150 2005.10.15 14.6 19.0 10.3 4.1 0.0
151 2005.10.22 8.0 12.3 5.1 0.1 0.0
152 2005.10.29 9.2 12.5 7.1 1.9 0.0
153 2005.11.05 16.8 20.7 12.1 5.0 0.1
154 2005.11.12 9.1 13.8 4.6 2.1 0.0
155 2005.11.19 2.9 7.3 -0.5 1.8 0.0
156 2005.11.26 8.2 12.5 4.1 3.4 0.0
157 2005.12.03 -0.7 2.7 -3.2 4.1 5.0
158 2005.12.10 -2.9 0.4 -7.5 4.8 0.0
159 2005.12.17 -9.7 -5.8 -13.3 1.5 0.0
160 2005.12.24 -4.2 -0.5 -8.6 1.6 0.0
161 2005.12.31 1.4 5.5 -2.0 5.5 0.0
162 2006.01.07 -6.2 -1.8 -9.6 0.0 0.0
163 2006.01.14 4.4 9.3 1.7 4.9 0.0
164 2006.01.21 0.9 5.1 -2.2 1.5 0.0
165 2006.01.28 1.3 6.0 -3.0 3.8 0.0
166 2006.02.04 -9.3 -4.6 -13.1 0.0 0.0
167 2006.02.11 1.2 5.1 -2.7 2.8 0.0
168 2006.02.18 0.2 5.3 -5.3 2.0 0.0
169 2006.02.25 7.0 10.8 2.7 5.1 0.0
170 2006.03.04 3.6 10.0 -2.2 4.9 3.0
171 2006.03.11 6.2 9.8 0.8 9.5 0.0
172 2006.03.18 9.0 13.1 3.7 4.8 0.0
173 2006.03.25 8.9 14.8 4.4 3.1 0.0
174 2006.04.01 9.7 11.6 7.5 9.5 16.5
175 2006.04.08 10.2 14.1 6.6 2.6 0.0
176 2006.04.15 12.0 16.2 8.8 6.1 0.0
177 2006.04.22 11.8 17.2 8.0 5.5 0.0
178 2006.04.29 13.9 17.7 10.8 6.4 0.0
179 2006.05.06 15.1 18.8 13.5 8.8 93.0
180 2006.05.13 15.2 19.0 12.3 6.1 0.0
181 2006.05.20 18.2 24.7 13.0 3.4 0.0
182 2006.05.27 16.3 21.2 13.8 8.9 27.5
183 2006.06.03 23.4 29.8 19.5 3.9 0.0
184 2006.06.10 17.3 20.6 15.1 9.5 39.5
185 2006.06.17 22.2 26.3 18.0 2.8 0.0
186 2006.06.24 24.4 28.5 19.2 2.3 0.0
187 2006.07.01 22.6 24.7 21.1 10.0 4.5
188 2006.07.08 25.5 29.0 21.3 6.1 0.0
189 2006.07.15 24.1 27.2 21.1 10.0 69.0
190 2006.07.22 23.4 27.5 21.2 6.8 9.5
191 2006.07.29 24.6 27.2 22.1 7.9 22.0
192 2006.08.05 29.0 32.9 25.6 2.1 0.1
193 2006.08.12 27.5 32.7 22.7 3.6 0.0
194 2006.08.19 24.8 29.7 20.8 6.9 0.1
195 2006.08.26 25.2 31.3 22.8 8.3 32.0
196 2006.09.02 25.6 30.3 21.0 2.3 0.0
197 2006.09.09 17.2 22.1 13.6 7.0 4.5
198 2006.09.16 21.6 24.7 19.2 8.4 0.0
199 2006.09.23 21.5 26.6 17.1 0.0 0.0
200 2006.09.30 20.7 25.5 16.2 4.0 0.0
201 2006.10.07 20.3 25.7 14.5 0.0 0.0
202 2006.10.14 18.5 24.2 14.0 0.0 0.0
203 2006.10.21 18.7 24.0 14.8 1.0 0.0
204 2006.10.28 14.7 19.5 9.5 2.5 0.0
205 2006.11.04 16.0 19.3 12.1 5.1 0.0
206 2006.11.11 5.3 9.3 2.0 1.1 0.0
207 2006.11.18 7.2 13.1 2.5 0.9 0.0
208 2006.11.25 9.1 16.2 4.0 3.3 0.0
209 2006.12.02 -2.8 3.0 -6.1 1.0 0.0
210 2006.12.09 2.5 5.9 -1.2 5.5 2.5
211 2006.12.16 2.4 4.8 -0.2 5.6 3.0
212 2006.12.23 2.5 7.0 -0.8 0.8 0.0
213 2006.12.30 -3.6 -0.1 -8.8 4.8 0.0
214 2007.01.06 -1.2 4.6 -4.8 6.6 9.0
215 2007.01.13 -5.2 -2.2 -7.6 0.0 0.0
216 2007.01.20 1.0 6.1 -2.7 2.8 0.0
217 2007.01.27 0.7 3.5 -1.5 4.5 0.0
218 2007.02.03 0.3 6.4 -5.6 3.0 0.0
219 2007.02.10 3.5 6.0 0.4 4.4 0.0
220 2007.02.17 6.2 10.1 3.5 6.9 0.0
221 2007.02.24 4.3 9.3 -1.7 4.5 0.0
222 2007.03.03 10.4 12.0 8.6 7.9 0.2
223 2007.03.10 2.3 6.5 -3.5 6.6 1.0
224 2007.03.17 6.9 11.6 3.2 2.6 0.0
225 2007.03.24 9.5 13.0 7.8 8.1 10.5
226 2007.03.31 8.9 11.1 7.9 8.5 21.5
227 2007.04.07 9.3 13.8 6.3 8.0 0.0
228 2007.04.14 10.5 15.8 5.5 5.3 1.5
229 2007.04.21 15.2 20.0 11.8 9.5 1.0
230 2007.04.28 14.8 20.7 10.0 0.0 0.0
231 2007.05.05 19.2 26.1 13.8 6.6 0.0
232 2007.05.12 13.0 18.6 11.1 8.3 20.0
233 2007.05.19 16.0 20.0 12.5 5.8 0.0
234 2007.05.26 20.3 25.7 14.6 2.4 0.0
235 2007.06.02 23.2 28.6 17.2 2.9 0.0
236 2007.06.09 20.3 25.7 14.1 2.1 0.0
237 2007.06.16 25.5 32.2 18.7 2.6 0.0
238 2007.06.23 24.8 29.5 21.3 8.9 0.1
239 2007.06.30 24.2 28.7 21.0 9.5 0.1
240 2007.07.07 26.4 30.7 22.7 5.4 0.0
241 2007.07.14 24.0 27.8 22.0 7.0 0.0
242 2007.07.21 23.6 26.2 22.0 9.9 0.2
243 2007.07.28 25.1 26.2 24.1 9.6 0.0
244 2007.08.04 24.5 26.1 22.2 10.0 42.0
245 2007.08.11 28.7 33.0 25.5 6.9 0.0
246 2007.08.18 26.9 31.2 24.2 5.5 0.0
247 2007.08.25 28.3 33.0 25.3 3.5 0.0
248 2007.09.01 20.4 23.2 19.2 10.0 22.0
249 2007.09.08 21.8 26.0 18.2 4.4 0.0
250 2007.09.15 20.5 23.2 18.1 9.1 15.5
251 2007.09.22 20.2 22.1 18.5 9.1 0.0
252 2007.09.29 18.1 21.2 14.1 8.4 0.2
253 2007.10.06 21.3 25.3 18.2 4.6 0.0
254 2007.10.13 15.0 19.5 11.3 6.1 0.0
255 2007.10.20 6.2 9.6 3.2 0.9 0.0
256 2007.10.27 15.3 21.3 10.1 0.4 0.0
257 2007.11.03 11.6 16.0 7.8 1.6 0.0
258 2007.11.10 9.4 11.8 7.0 7.1 0.0
259 2007.11.17 5.1 10.3 1.5 5.1 2.0
260 2007.11.24 6.7 10.0 4.0 1.8 0.0
261 2007.12.01 4.4 8.1 -0.8 5.5 0.0
262 2007.12.08 0.5 3.0 -1.2 1.5 0.0
263 2007.12.15 1.2 4.6 -1.8 4.3 2.1
264 2007.12.22 5.4 10.6 1.5 2.9 0.0
265 2007.12.29 -1.1 3.0 -4.8 4.3 1.7
266 2008.01.05 1.6 6.1 -2.4 1.9 0.0
267 2008.01.12 0.9 4.4 -4.5 7.3 0.0
268 2008.01.19 -2.2 1.5 -6.9 7.9 0.0
269 2008.01.26 -2.7 1.8 -7.0 1.0 0.0
270 2008.02.02 -1.1 3.1 -5.2 2.4 0.0
271 2008.02.09 -1.9 0.7 -3.5 3.1 0.0
272 2008.02.16 -3.4 1.2 -7.4 0.1 0.0
273 2008.02.23 -2.6 1.2 -4.5 0.6 0.0
274 2008.03.01 3.0 7.8 -0.5 0.9 0.0
275 2008.03.08 5.3 10.8 0.4 1.0 0.0
276 2008.03.15 8.3 13.5 4.5 5.8 0.0
277 2008.03.22 12.3 16.9 7.8 8.9 7.0
278 2008.03.29 6.0 8.1 5.0 10.0 13.0
279 2008.04.05 12.9 19.1 7.4 3.3 0.0
280 2008.04.12 13.8 18.4 9.7 8.4 0.3
281 2008.04.19 20.1 28.0 13.1 0.3 0.0
282 2008.04.26 10.0 12.5 6.6 8.1 7.0
283 2008.05.03 21.1 28.2 15.6 3.6 0.0
284 2008.05.10 15.7 20.9 11.4 3.0 0.0
285 2008.05.17 17.6 24.4 11.3 2.1 0.0
286 2008.05.24 23.0 28.5 17.5 4.8 0.0
287 2008.05.31 17.9 22.8 12.7 0.5 0.0
288 2008.06.07 19.1 24.3 15.7 6.8 0.0
289 2008.06.14 23.9 28.9 19.2 5.0 0.0
290 2008.06.21 24.6 28.2 22.0 8.8 0.0
291 2008.06.28 22.6 25.4 20.1 10.0 2.0
292 2008.07.05 24.5 28.0 22.0 9.0 5.0
293 2008.07.12 24.5 27.7 22.0 10.0 50.5
294 2008.07.19 23.8 25.7 22.8 9.8 108.5
295 2008.07.26 22.2 23.8 20.7 9.8 32.0
296 2008.08.02 26.1 28.4 25.0 10.0 22.0
297 2008.08.09 28.0 32.6 25.6 5.1 2.0
298 2008.08.16 21.7 23.5 19.9 7.5 9.0
299 2008.08.23 21.5 25.3 18.2 7.9 5.0
300 2008.08.30 25.7 30.9 21.3 3.5 0.0
301 2008.09.06 24.2 30.2 18.9 3.6 0.0
302 2008.09.13 23.3 29.5 17.7 0.1 0.0
303 2008.09.20 21.7 24.7 19.2 7.6 7.0
304 2008.09.27 14.8 20.1 10.3 5.6 0.0
305 2008.10.04 19.7 24.3 17.2 5.8 0.0
306 2008.10.11 14.4 20.0 10.9 1.1 0.0
307 2008.10.18 19.8 28.3 13.7 1.1 0.0
308 2008.10.25 11.6 14.3 7.2 5.6 3.0
309 2008.11.01 11.0 15.0 5.9 4.8 0.0
310 2008.11.08 12.0 18.0 6.5 4.6 0.0
311 2008.11.15 10.7 12.6 9.7 9.3 3.5
312 2008.11.22 4.9 9.5 -0.2 5.6 0.0
313 2008.11.29 3.6 7.3 0.7 4.1 0.2
314 2008.12.06 -9.0 -4.9 -13.1 0.0 0.0
315 2008.12.13 1.3 4.6 -2.8 3.6 0.0
316 2008.12.20 1.3 5.2 -1.4 9.9 5.0
317 2008.12.27 -3.0 1.1 -7.6 3.0 0.0
318 2009.01.03 -1.0 4.0 -5.6 0.9 0.0
319 2009.01.10 -7.5 -4.3 -9.9 0.4 0.0
320 2009.01.17 -1.4 3.1 -5.9 0.9 0.0
321 2009.01.24 -8.1 -5.1 -11.4 3.3 2.0
322 2009.01.31 6.1 11.7 3.4 1.9 0.0
323 2009.02.07 2.8 5.0 0.4 8.3 0.0
324 2009.02.14 3.6 5.3 2.1 5.8 0.0
325 2009.02.21 -2.2 2.7 -7.8 2.0 0.0
326 2009.02.28 5.2 10.2 0.9 3.3 0.0
327 2009.03.07 1.7 6.4 -3.0 2.0 0.0
328 2009.03.14 0.2 4.3 -3.3 0.0 0.0
329 2009.03.21 14.3 22.2 8.5 5.1 10.5
330 2009.03.28 4.5 10.1 0.2 2.0 0.0
331 2009.04.04 8.7 12.7 6.0 6.1 0.0
332 2009.04.11 18.5 25.3 11.8 2.3 0.0
333 2009.04.18 14.4 20.6 7.6 1.8 0.0
334 2009.04.25 8.7 11.8 6.1 8.6 10.5
335 2009.05.02 15.4 18.0 14.2 9.1 1.5
336 2009.05.09 21.7 27.0 16.4 4.4 0.0
337 2009.05.16 13.7 15.5 13.0 10.0 21.5
338 2009.05.23 16.5 19.6 14.5 8.4 0.5
339 2009.05.30 21.3 25.4 18.0 4.8 0.0
340 2009.06.06 22.2 27.6 18.2 3.0 0.0
341 2009.06.13 20.2 24.6 15.9 3.8 0.0
342 2009.06.20 22.7 24.7 22.0 10.0 48.5
343 2009.06.27 26.1 32.4 20.8 4.5 0.0
344 2009.07.04 22.8 26.9 19.8 6.1 3.0
345 2009.07.11 24.6 29.2 20.7 8.0 1.0
346 2009.07.18 25.1 27.3 21.1 10.0 14.5
347 2009.07.25 22.5 26.0 19.3 7.1 22.5
348 2009.08.01 25.4 28.9 23.3 6.1 21.5
349 2009.08.08 26.5 28.9 24.7 8.6 0.5
350 2009.08.15 27.9 33.0 22.8 0.0 0.0
351 2009.08.22 25.2 28.2 23.1 7.9 0.0
352 2009.08.29 22.2 26.7 17.9 6.9 0.0
353 2009.09.05 25.0 29.9 20.9 4.6 0.0
354 2009.09.12 19.1 23.9 16.6 5.1 23.5
355 2009.09.19 21.8 26.4 17.6 1.9 0.0
356 2009.09.26 21.2 26.8 15.4 5.8 0.0
357 2009.10.03 17.9 22.8 12.6 2.9 4.0
358 2009.10.10 16.0 21.3 10.9 0.6 0.0
359 2009.10.17 13.6 17.5 11.2 4.8 13.5
360 2009.10.24 16.6 20.7 13.2 1.3 0.0
361 2009.10.31 16.2 19.1 13.3 9.3 19.5
362 2009.11.07 17.0 20.0 12.8 7.0 4.5
363 2009.11.14 5.1 8.8 0.7 5.0 0.0
364 2009.11.21 -0.1 3.8 -3.4 0.8 0.0
365 2009.11.28 5.8 9.1 3.4 6.6 0.0
366 2009.12.05 0.0 5.6 -4.6 5.5 11.5
367 2009.12.12 5.1 7.8 2.4 4.8 0.0
368 2009.12.19 -7.9 -4.3 -10.8 0.6 0.0
369 2009.12.26 -8.1 -4.6 -11.0 0.3 0.0
370 2010.01.02 -3.6 0.2 -7.4 6.0 1.4
371 2010.01.09 -5.1 -1.9 -8.7 7.8 0.4
372 2010.01.16 -6.4 -2.1 -10.1 0.5 0.0
373 2010.01.23 -5.3 -0.9 -9.1 1.1 0.0
374 2010.01.30 1.5 5.0 -1.7 4.0 0.0
375 2010.02.06 -4.7 0.9 -9.6 0.0 0.0
376 2010.02.13 -2.3 -0.3 -3.3 4.4 1.3
377 2010.02.20 3.0 8.1 -1.6 0.0 0.0
378 2010.02.27 8.6 11.0 6.0 7.9 0.0
379 2010.03.06 6.0 10.7 2.0 7.1 0.0
380 2010.03.13 2.4 7.9 -1.9 2.6 0.0
381 2010.03.20 6.8 11.3 1.1 9.3 0.2
382 2010.03.27 5.4 7.2 4.0 8.5 0.0
383 2010.04.03 5.0 9.5 1.1 0.0 0.0
384 2010.04.10 10.7 13.5 8.8 9.8 0.0
385 2010.04.17 7.6 12.0 4.0 4.6 0.0
386 2010.04.24 11.1 16.8 5.4 0.1 0.0
387 2010.05.01 12.3 17.5 5.8 1.0 0.0
388 2010.05.08 16.7 23.0 12.1 2.9 0.0
389 2010.05.15 17.0 21.9 12.9 3.8 0.0
390 2010.05.22 20.1 25.5 15.7 9.9 5.5
391 2010.05.29 18.7 23.3 14.6 7.0 0.0
392 2010.06.05 23.3 28.4 17.9 4.0 0.0
393 2010.06.12 17.9 22.0 16.9 10.0 71.0
394 2010.06.19 23.0 25.8 21.5 9.0 4.5
395 2010.06.26 24.8 27.2 21.4 9.5 3.5
396 2010.07.03 24.1 25.7 22.5 9.5 5.5
397 2010.07.10 25.6 29.2 21.7 6.4 0.0
398 2010.07.17 23.2 24.2 22.1 10.0 89.5
399 2010.07.24 25.6 29.3 23.6 8.6 1.0
400 2010.07.31 27.0 30.1 24.9 9.0 0.0
401 2010.08.07 26.2 28.2 24.3 9.4 83.5
402 2010.08.14 26.9 29.1 25.3 9.6 7.0
403 2010.08.21 28.6 32.1 25.1 2.3 0.0
404 2010.08.28 25.5 27.2 24.7 9.5 12.5
405 2010.09.04 26.8 31.2 23.3 4.3 0.0
406 2010.09.11 23.7 26.1 22.4 10.0 68.5
407 2010.09.18 25.2 30.3 21.8 3.8 0.0
408 2010.09.25 18.6 24.1 13.6 2.8 0.0
409 2010.10.02 16.0 18.6 13.7 8.3 15.0
410 2010.10.09 19.4 24.2 15.4 2.4 0.0
411 2010.10.16 16.0 21.6 10.2 3.0 0.0
412 2010.10.23 15.9 20.2 11.7 5.0 0.0
413 2010.10.30 11.7 17.8 6.4 2.0 0.0
414 2010.11.06 12.7 14.8 11.1 10.0 0.0
415 2010.11.13 11.1 17.4 5.8 4.8 0.0
416 2010.11.20 7.9 13.4 4.1 3.8 0.0
417 2010.11.27 1.3 9.1 -2.7 5.9 1.0
418 2010.12.04 1.7 5.0 -3.6 5.6 0.0
419 2010.12.11 -3.5 6.7 -6.2 1.5 0.0
420 2010.12.18 0.1 5.0 -4.6 0.1 0.0
421 2010.12.25 -11.2 -6.7 -14.3 0.3 0.0
422 2011.01.01 -6.8 -2.9 -10.4 3.1 0.0
423 2011.01.08 -3.6 0.1 -8.2 7.5 0.2
424 2011.01.15 -12.2 -6.9 -15.7 0.9 0.0
425 2011.01.22 -4.3 -0.8 -7.1 5.0 0.4
426 2011.01.29 -9.1 -5.5 -11.5 1.8 0.0
427 2011.02.05 1.1 5.5 -0.8 6.4 0.0
428 2011.02.12 -5.9 -1.8 -9.2 0.0 0.0
429 2011.02.19 1.4 7.0 -2.6 3.4 0.0
430 2011.02.26 6.2 13.2 -0.4 4.9 0.0
431 2011.03.05 2.1 6.8 -1.8 4.4 0.0
432 2011.03.12 7.8 13.4 1.9 2.3 0.0
433 2011.03.19 8.8 13.7 5.5 8.0 0.0
434 2011.03.26 3.6 8.6 -0.6 0.3 0.0
435 2011.04.02 8.9 12.8 5.3 8.6 0.0
436 2011.04.09 9.9 15.0 6.8 1.3 0.0
437 2011.04.16 12.1 18.4 5.9 0.0 0.0
438 2011.04.23 9.7 14.2 6.1 2.3 0.0
439 2011.04.30 13.0 14.6 10.6 10.0 69.0
440 2011.05.07 14.5 21.8 11.5 6.6 3.5
441 2011.05.14 17.2 22.9 12.1 0.0 0.0
442 2011.05.21 14.5 17.7 12.6 9.9 2.0
443 2011.05.28 22.4 28.9 15.7 3.6 0.0
444 2011.06.04 18.7 24.6 15.8 7.1 0.5
445 2011.06.11 24.0 29.2 20.6 2.5 0.0
446 2011.06.18 24.5 28.9 20.8 4.1 0.0
447 2011.06.25 18.3 20.0 17.5 10.0 37.0
448 2011.07.02 24.7 26.8 22.7 8.9 0.0
449 2011.07.09 23.6 27.8 20.8 8.0 15.0
450 2011.07.16 22.8 25.3 21.2 9.9 54.5
451 2011.07.23 25.4 29.7 22.9 8.5 3.0
452 2011.07.30 27.2 30.5 24.4 7.3 0.0
453 2011.08.06 28.5 32.7 26.1 6.5 1.5
454 2011.08.13 25.3 26.6 23.9 9.5 6.5
455 2011.08.20 23.1 27.0 20.3 7.9 0.5
456 2011.08.27 27.6 31.2 23.5 6.3 0.0
457 2011.09.03 25.1 30.7 20.3 0.9 0.0
458 2011.09.10 21.5 26.4 18.0 9.0 0.0
459 2011.09.17 25.8 31.0 21.6 7.3 0.0
460 2011.09.24 19.6 25.9 14.4 0.5 0.0
461 2011.10.01 12.7 17.6 7.7 1.0 0.0
462 2011.10.08 16.2 22.5 10.4 0.0 0.0
463 2011.10.15 13.0 16.9 11.4 8.3 20.0
464 2011.10.22 17.1 21.7 14.4 5.5 0.0
465 2011.10.29 12.0 13.5 10.2 8.8 5.0
466 2011.11.05 19.9 25.9 16.4 8.1 0.1
467 2011.11.12 12.0 15.8 9.1 4.6 0.0
468 2011.11.19 10.6 15.5 3.5 5.8 0.2
469 2011.11.26 5.6 8.8 1.8 9.3 0.0
470 2011.12.03 5.3 9.1 3.7 5.8 3.5
471 2011.12.10 -1.7 1.4 -4.9 4.4 0.0
472 2011.12.17 -5.8 -1.6 -10.6 2.4 0.0
473 2011.12.24 -5.2 -3.0 -7.8 1.4 0.5
474 2011.12.31 -1.9 1.4 -6.0 5.5 0.0
475 2012.01.07 -3.8 2.0 -8.0 0.0 0.0
476 2012.01.14 -1.5 2.7 -6.3 2.5 0.0
477 2012.01.21 2.4 5.7 -2.6 7.8 0.1
478 2012.01.28 -1.8 3.1 -6.0 4.4 0.0
479 2012.02.04 -3.0 1.0 -5.2 3.0 0.2
480 2012.02.11 -3.8 0.8 -9.2 0.1 0.0
481 2012.02.18 -6.8 -2.2 -9.6 0.5 0.0
482 2012.02.25 1.2 5.0 -2.3 7.1 0.0
483 2012.03.03 6.9 12.9 2.7 5.4 0.0
484 2012.03.10 3.9 8.9 1.3 7.0 0.0
485 2012.03.17 10.4 16.1 6.8 7.6 2.0
486 2012.03.24 3.3 6.9 1.5 4.8 3.5
487 2012.03.31 5.4 10.1 2.5 3.6 0.0
488 2012.04.07 5.9 12.4 0.6 0.0 0.0
489 2012.04.14 10.5 16.4 5.9 3.9 0.0
490 2012.04.21 11.4 16.3 9.5 9.9 47.5
491 2012.04.28 17.0 22.1 13.8 1.8 0.0
492 2012.05.05 18.8 24.9 13.5 1.6 0.0
493 2012.05.12 17.1 21.1 14.4 8.1 0.0
494 2012.05.19 19.5 25.8 13.1 4.4 0.0
495 2012.05.26 19.8 26.1 14.1 3.5 0.0
496 2012.06.02 23.1 28.8 19.2 6.8 0.0
497 2012.06.09 24.2 29.9 18.6 5.6 0.0
498 2012.06.16 23.5 29.9 20.2 4.8 0.0
499 2012.06.23 26.2 31.7 21.5 3.8 0.0
500 2012.06.30 21.9 23.7 20.2 10.0 69.5
501 2012.07.07 24.8 31.0 18.5 2.1 0.0
502 2012.07.14 22.8 26.2 20.4 10.0 8.0
503 2012.07.21 27.5 31.4 24.1 6.0 0.0
504 2012.07.28 28.5 33.2 25.2 4.6 0.0
505 2012.08.04 31.7 36.2 28.2 3.0 0.0
506 2012.08.11 27.7 31.8 24.0 5.9 0.0
507 2012.08.18 27.2 28.6 25.8 9.5 2.0
508 2012.08.25 25.0 28.9 21.5 8.5 11.5
509 2012.09.01 25.2 29.4 22.3 5.9 0.0
510 2012.09.08 20.2 23.7 17.7 8.3 25.0
511 2012.09.15 21.0 25.5 17.0 7.9 0.0
512 2012.09.22 20.7 26.4 15.2 4.5 0.0
513 2012.09.29 16.4 19.8 14.0 5.1 0.5
514 2012.10.06 19.6 24.5 16.1 3.6 0.0
515 2012.10.13 16.4 23.1 11.3 3.5 0.0
516 2012.10.20 15.8 21.0 10.5 5.9 0.0
517 2012.10.27 14.3 16.4 12.5 9.8 44.0
518 2012.11.03 9.4 15.7 3.2 1.5 0.0
519 2012.11.10 12.0 14.7 9.2 4.8 0.0
520 2012.11.17 5.3 8.0 1.5 4.5 1.5
521 2012.11.24 1.7 6.7 -1.8 0.0 0.0
522 2012.12.01 -0.9 4.0 -5.9 3.0 0.0
523 2012.12.08 -8.2 -5.3 -11.0 1.3 0.0
524 2012.12.15 4.6 8.3 1.9 5.0 0.5
525 2012.12.22 -3.0 -0.8 -5.9 4.1 0.0
526 2012.12.29 -0.3 0.6 -1.9 8.6 4.1
527 2013.01.05 -7.0 -1.2 -12.1 2.3 0.0
528 2013.01.12 0.0 4.2 -2.7 5.8 0.1
529 2013.01.19 0.5 4.6 -2.5 4.3 0.0
530 2013.01.26 -9.2 -5.1 -11.9 0.0 0.0
531 2013.02.02 -1.1 3.7 -4.5 2.1 0.0
532 2013.02.09 -7.2 -2.6 -12.3 3.6 0.0
533 2013.02.16 -2.6 2.6 -7.0 2.0 0.0
534 2013.02.23 -0.9 2.4 -4.4 0.8 0.0
535 2013.03.02 -0.8 3.1 -4.4 3.5 0.0
536 2013.03.09 13.2 23.8 6.2 1.5 0.0
537 2013.03.16 6.3 12.7 1.6 2.4 0.0
538 2013.03.23 5.4 12.1 -1.2 1.6 0.0
539 2013.03.30 4.9 10.2 2.3 7.8 0.2
540 2013.04.06 7.5 13.0 2.5 10.0 14.0
541 2013.04.13 11.4 17.5 3.4 3.5 0.0
542 2013.04.20 6.6 10.1 4.0 9.1 9.5
543 2013.04.27 12.8 18.5 8.2 1.6 0.0
544 2013.05.04 13.9 19.6 9.3 1.8 0.0
545 2013.05.11 17.9 24.8 11.0 3.1 0.0
546 2013.05.18 17.7 22.3 13.7 9.4 14.5
547 2013.05.25 24.7 31.8 18.2 5.1 0.0
548 2013.06.01 21.7 27.9 17.4 4.6 0.0
549 2013.06.08 26.4 31.2 21.0 6.6 0.0
550 2013.06.15 24.6 29.1 21.3 3.9 0.0
551 2013.06.22 25.1 29.6 22.7 7.9 0.0
552 2013.06.29 27.2 32.6 21.8 2.0 0.0
553 2013.07.06 25.2 30.6 21.6 4.5 0.0
554 2013.07.13 24.2 25.6 22.2 10.0 165.0
555 2013.07.20 27.0 30.3 25.3 8.4 1.0
556 2013.07.27 26.2 31.2 23.1 6.9 0.2
557 2013.08.03 28.9 32.6 26.7 8.1 0.1
558 2013.08.10 28.0 29.4 25.8 7.1 2.0
559 2013.08.17 28.7 31.6 27.1 7.5 0.0
560 2013.08.24 26.6 31.5 21.9 2.4 0.0
561 2013.08.31 24.0 27.9 21.1 5.6 2.5
562 2013.09.07 21.9 26.9 17.9 5.8 0.0
563 2013.09.14 23.1 25.3 21.5 9.1 11.5
564 2013.09.21 23.8 27.8 19.9 7.4 0.0
565 2013.09.28 17.4 19.9 15.2 9.5 4.0
566 2013.10.05 20.0 28.1 12.6 2.0 0.0
567 2013.10.12 16.4 21.5 11.0 0.1 0.0
568 2013.10.19 14.6 19.5 9.8 5.4 0.0
569 2013.10.26 10.0 15.7 4.3 0.0 0.0
570 2013.11.02 11.6 14.9 8.6 7.3 7.5
571 2013.11.09 11.6 15.5 9.2 9.6 5.5
572 2013.11.16 7.0 12.0 2.4 5.0 2.0
573 2013.11.23 7.1 12.5 2.2 1.8 0.0
574 2013.11.30 5.3 10.6 -1.1 5.4 0.0
575 2013.12.07 6.2 11.0 3.8 4.8 0.1
576 2013.12.14 -4.9 -1.4 -8.5 3.6 1.1
577 2013.12.21 -3.1 0.9 -6.3 0.0 0.0
578 2013.12.28 -6.5 -2.7 -9.8 0.5 0.0
579 2014.01.04 -0.1 5.6 -3.7 0.9 0.0
580 2014.01.11 -1.7 2.4 -5.4 4.5 0.0
581 2014.01.18 -2.2 0.8 -4.9 0.4 0.0
582 2014.01.25 4.2 6.3 -0.4 7.0 3.0
583 2014.02.01 4.9 6.0 3.7 9.6 11.0
584 2014.02.08 0.2 2.5 -1.5 9.8 4.3
585 2014.02.15 2.7 8.5 -1.9 0.4 0.0
586 2014.02.22 2.2 7.4 -2.1 1.4 0.0
587 2014.03.01 6.0 9.4 3.3 8.1 0.0
588 2014.03.08 2.0 7.0 -2.2 5.1 0.0
589 2014.03.15 6.8 13.4 0.1 1.1 0.0
590 2014.03.22 8.6 15.5 2.3 1.0 0.0
591 2014.03.29 15.0 18.0 13.2 9.5 3.5
592 2014.04.05 6.2 11.0 3.5 3.5 0.0
593 2014.04.12 14.3 17.2 11.1 9.4 0.0
594 2014.04.19 14.0 18.4 11.4 7.9 0.0
595 2014.04.26 18.7 25.4 13.3 7.9 0.0
596 2014.05.03 13.1 19.3 8.0 1.3 0.0
597 2014.05.10 20.5 28.3 12.9 0.6 0.0
598 2014.05.17 20.0 26.2 14.3 3.6 0.0
599 2014.05.24 21.3 27.9 16.9 7.8 0.0
600 2014.05.31 26.2 33.3 20.5 1.3 0.0
601 2014.06.07 23.5 27.1 19.7 6.0 0.0
602 2014.06.14 22.5 27.7 18.3 3.9 0.0
603 2014.06.21 23.1 28.2 19.8 8.8 8.5
604 2014.06.28 23.8 28.4 21.3 7.1 0.0
605 2014.07.05 25.7 29.7 22.3 6.1 0.0
606 2014.07.12 25.3 29.6 22.9 7.4 0.0
607 2014.07.19 27.0 30.7 24.7 9.0 0.0
608 2014.07.26 22.6 27.3 20.8 9.3 2.5
609 2014.08.02 31.4 35.8 28.7 8.0 0.0
610 2014.08.09 26.5 31.6 22.3 4.6 0.0
611 2014.08.16 26.1 31.8 22.2 5.1 0.0
612 2014.08.23 25.2 29.7 22.8 7.6 0.5
613 2014.08.30 24.6 30.7 19.9 2.4 0.0
614 2014.09.06 25.2 30.8 20.3 3.5 0.0
615 2014.09.13 23.1 28.3 18.6 2.0 0.0
616 2014.09.20 21.6 28.1 15.4 0.8 0.0
617 2014.09.27 21.4 25.1 18.3 5.8 0.0
618 2014.10.04 16.9 23.0 11.6 1.1 0.0
619 2014.10.11 19.4 25.6 13.6 0.0 0.0
620 2014.10.18 15.5 22.5 9.4 0.0 0.0
621 2014.10.25 16.5 22.2 12.9 3.1 0.0
622 2014.11.01 17.3 22.9 15.1 7.1 0.0
623 2014.11.08 9.9 15.1 6.9 7.6 0.0
624 2014.11.15 4.1 9.5 -0.5 3.1 0.0
625 2014.11.22 11.0 12.7 8.0 8.4 4.0
626 2014.11.29 8.3 12.8 5.5 4.4 0.0
627 2014.12.06 -5.6 -0.5 -8.8 0.6 0.0
628 2014.12.13 -5.2 -2.0 -7.3 0.0 0.0
629 2014.12.20 -1.7 2.1 -6.6 3.6 2.0
630 2014.12.27 -1.8 5.0 -6.3 3.5 0.0
631 2015.01.03 -2.7 3.1 -9.2 3.9 0.0
632 2015.01.10 -0.3 4.8 -5.6 0.6 0.0
633 2015.01.17 -4.1 0.0 -7.7 0.3 0.0
634 2015.01.24 3.7 8.4 0.8 6.3 0.0
635 2015.01.31 -4.5 0.8 -8.5 0.0 0.0
636 2015.02.07 1.2 5.7 -2.7 6.5 0.0
637 2015.02.14 2.0 6.6 -3.1 6.5 0.0
638 2015.02.21 5.7 6.7 4.8 9.8 8.0
639 2015.02.28 2.7 6.4 -2.0 8.6 0.0
640 2015.03.07 4.2 11.0 -2.3 0.0 0.0
641 2015.03.14 4.3 11.6 -1.2 2.0 0.0
642 2015.03.21 11.7 17.8 6.9 0.5 0.0
643 2015.03.28 9.7 17.0 2.5 3.3 0.0
644 2015.04.04 13.5 18.5 8.9 8.0 0.0
645 2015.04.11 13.5 20.7 6.7 0.4 0.0
646 2015.04.18 15.2 23.7 5.2 5.0 0.0
647 2015.04.25 15.9 23.0 9.2 0.0 0.0
648 2015.05.02 20.7 26.0 15.8 7.1 0.5
649 2015.05.09 17.6 24.0 12.6 4.6 0.0
650 2015.05.16 18.0 25.2 11.6 0.4 0.0
651 2015.05.23 20.6 28.3 13.6 1.9 0.0
652 2015.05.30 19.8 23.2 17.0 6.1 0.4
653 2015.06.06 22.4 28.9 16.4 3.5 0.0
654 2015.06.13 24.7 30.9 20.1 7.1 0.5
655 2015.06.20 19.6 22.6 17.0 7.5 44.5
656 2015.06.27 25.2 31.1 19.2 3.1 0.0
657 2015.07.04 24.1 29.9 18.2 1.9 0.0
658 2015.07.11 30.4 36.0 25.7 7.5 0.0
659 2015.07.18 24.3 27.8 22.3 9.9 0.5
660 2015.07.25 25.0 26.4 24.4 10.0 80.0
661 2015.08.01 28.2 31.6 26.0 6.9 0.0
662 2015.08.08 26.6 33.0 24.3 6.5 7.5
663 2015.08.15 27.1 30.8 23.1 4.3 0.1
664 2015.08.22 25.5 29.6 23.4 6.9 0.0
665 2015.08.29 24.4 30.8 19.0 1.3 0.0
666 2015.09.05 21.9 23.6 19.4 9.4 5.0
667 2015.09.12 19.2 24.0 15.5 7.9 0.0
668 2015.09.19 22.3 29.0 17.0 2.6 0.0
669 2015.09.26 22.4 28.0 17.9 1.9 0.0
670 2015.10.03 19.2 24.5 13.3 4.5 0.0
671 2015.10.10 12.8 17.2 10.4 8.6 3.5
672 2015.10.17 18.7 26.6 12.4 0.0 0.0
673 2015.10.24 16.9 22.0 13.2 4.4 10.5
674 2015.10.31 5.7 12.3 1.1 0.0 0.0
675 2015.11.07 10.5 11.7 9.3 10.0 24.5
676 2015.11.14 12.8 14.2 11.0 9.4 3.5
677 2015.11.21 9.2 15.4 5.0 2.1 0.0
678 2015.11.28 0.1 2.6 -2.7 7.6 0.1
679 2015.12.05 3.4 7.2 0.6 6.3 0.0
680 2015.12.12 5.2 11.0 1.1 1.3 0.0
681 2015.12.19 -0.1 6.8 -4.6 0.5 0.0
682 2015.12.26 0.9 4.7 -3.2 4.5 0.7
683 2016.01.02 5.7 9.5 1.0 7.8 0.0
684 2016.01.09 -2.1 2.4 -6.2 4.1 0.0
685 2016.01.16 -0.2 2.8 -2.1 7.1 0.1
686 2016.01.23 -11.5 -8.3 -16.0 3.5 0.0
687 2016.01.30 0.6 5.2 -2.5 4.5 0.0
688 2016.02.06 -3.1 2.0 -6.2 0.0 0.0
689 2016.02.13 11.0 14.4 5.8 9.9 21.0
690 2016.02.20 1.3 6.3 -2.5 1.9 0.0
691 2016.02.27 3.3 8.1 0.5 6.6 0.2
692 2016.03.05 11.3 13.5 9.1 9.8 40.0
693 2016.03.12 2.0 6.4 -3.3 5.4 0.0
694 2016.03.19 11.4 18.1 6.6 0.0 0.0
695 2016.03.26 6.5 12.6 2.1 0.5 0.0
696 2016.04.02 15.0 21.7 9.6 2.4 0.0
697 2016.04.09 10.7 14.1 7.4 8.0 0.0
698 2016.04.16 14.9 20.7 9.8 7.5 23.5
699 2016.04.23 13.5 19.8 7.8 6.3 0.0
700 2016.04.30 15.9 20.4 10.8 5.4 0.0
701 2016.05.07 16.5 22.6 10.7 2.0 0.0
702 2016.05.14 20.2 26.9 15.1 5.5 0.0
703 2016.05.21 24.1 30.4 17.8 2.6 0.0
704 2016.05.28 21.7 28.0 17.2 2.9 0.0
705 2016.06.04 21.2 26.3 18.2 7.5 0.0
706 2016.06.11 23.5 26.5 20.9 8.3 3.0
707 2016.06.18 24.5 29.9 20.1 1.3 0.0
708 2016.06.25 22.8 26.7 19.2 4.5 0.0
709 2016.07.02 23.5 27.7 20.6 8.0 4.0
710 2016.07.09 27.7 32.7 23.2 3.1 0.0
711 2016.07.16 20.8 23.8 19.8 10.0 46.5
712 2016.07.23 28.7 31.6 27.2 8.8 0.5
713 2016.07.30 28.6 33.0 26.4 5.9 0.5
714 2016.08.06 30.5 34.0 26.6 1.9 0.0
715 2016.08.13 30.2 35.1 26.8 3.0 0.0
716 2016.08.20 30.1 34.9 26.5 6.9 0.0
717 2016.08.27 23.4 29.7 16.9 4.9 0.0
718 2016.09.03 23.9 28.6 20.4 6.1 0.5
719 2016.09.10 24.4 29.1 20.0 6.3 0.0
720 2016.09.17 23.1 28.2 18.5 4.9 7.0
721 2016.09.24 22.3 28.9 16.5 3.3 0.0
722 2016.10.01 21.1 25.6 17.5 7.8 0.0
723 2016.10.08 16.8 21.8 10.3 5.5 6.0
724 2016.10.15 19.1 27.1 12.4 4.1 0.0
725 2016.10.22 18.3 22.8 14.5 6.8 0.0
726 2016.10.29 7.8 11.2 3.5 6.6 0.0
727 2016.11.05 15.0 18.1 12.2 7.3 0.0
728 2016.11.12 11.4 16.7 5.1 3.3 0.0
729 2016.11.19 13.0 18.6 9.9 8.9 0.0
730 2016.11.26 0.9 2.7 -0.7 7.5 2.8
731 2016.12.03 4.5 11.3 -0.7 5.5 0.0
732 2016.12.10 -1.6 3.6 -5.9 0.1 0.0
733 2016.12.17 2.7 8.0 -2.7 6.6 0.0
734 2016.12.24 -2.4 1.1 -4.3 5.5 0.0
735 2016.12.31 0.7 5.7 -3.6 6.6 0.0
736 2017.01.07 4.6 10.5 0.0 3.0 0.0
737 2017.01.14 -8.4 -5.4 -10.5 0.0 0.0
738 2017.01.21 -5.2 -0.9 -10.0 5.3 2.1
739 2017.01.28 -1.6 4.3 -8.2 6.6 0.0
740 2017.02.04 0.9 3.2 -2.9 7.0 0.0
741 2017.02.11 -4.8 0.8 -9.2 0.3 0.0
742 2017.02.18 -2.6 2.9 -7.0 0.6 0.0
743 2017.02.25 2.6 8.4 -2.8 1.8 0.0
744 2017.03.04 5.7 12.7 0.1 0.1 0.0
745 2017.03.11 7.3 16.7 -0.2 3.0 0.0
746 2017.03.18 9.5 16.1 5.9 3.5 0.0
747 2017.03.25 8.1 12.6 5.0 6.0 0.0
748 2017.04.01 9.0 15.1 4.8 4.8 1.0
749 2017.04.08 13.0 19.9 8.6 8.3 0.5
750 2017.04.15 16.8 24.3 10.9 3.3 0.0
751 2017.04.22 14.8 22.5 8.5 0.5 0.0
752 2017.04.29 17.1 23.7 9.6 0.0 0.0
753 2017.05.06 14.9 19.3 10.0 0.9 0.0
754 2017.05.13 16.4 22.6 12.4 6.8 6.0
755 2017.05.20 20.9 27.3 15.4 5.1 0.0
756 2017.05.27 19.5 26.4 13.7 0.1 0.0
757 2017.06.03 20.5 26.5 16.1 1.9 0.0
758 2017.06.10 21.5 27.5 16.7 6.9 4.5
759 2017.06.17 24.2 29.9 20.6 0.0 0.0
760 2017.06.24 24.5 27.8 21.5 9.5 3.5
761 2017.07.01 25.3 30.7 22.4 9.4 0.5
762 2017.07.08 26.0 27.6 24.6 9.9 4.5
763 2017.07.15 25.0 27.3 23.4 10.0 42.5
764 2017.07.22 29.3 32.5 27.5 9.5 0.5
765 2017.07.29 27.2 30.1 25.0 7.5 0.0
766 2017.08.05 31.4 34.8 27.6 4.1 0.0
767 2017.08.12 27.8 32.6 23.2 5.6 0.0
768 2017.08.19 26.1 28.7 23.1 8.1 0.0
769 2017.08.26 24.2 29.2 19.0 1.9 0.0
770 2017.09.02 23.8 29.6 18.6 2.9 0.0
771 2017.09.09 23.8 28.2 19.2 2.8 0.0
772 2017.09.16 22.0 27.6 16.7 3.1 0.0
773 2017.09.23 21.8 27.3 17.6 6.6 0.0
774 2017.09.30 20.0 25.9 14.7 3.5 0.0
775 2017.10.07 21.9 28.8 16.9 7.5 0.0
776 2017.10.14 14.4 20.5 9.0 4.9 0.0
777 2017.10.21 17.6 25.2 11.0 0.0 0.0
778 2017.10.28 17.2 24.8 10.6 0.1 0.0
779 2017.11.04 7.8 13.7 4.5 2.4 0.0
780 2017.11.11 5.9 10.7 2.7 0.0 0.0
781 2017.11.18 -2.1 2.6 -4.8 0.0 0.0
782 2017.11.25 3.0 7.3 -3.3 7.5 24.0
783 2017.12.02 1.9 8.1 -4.6 3.8 0.0
784 2017.12.09 -0.5 5.4 -5.6 2.8 0.0
785 2017.12.16 -5.7 -2.6 -8.1 0.0 0.0
786 2017.12.23 6.1 8.7 5.0 8.0 0.0
787 2017.12.30 1.4 4.5 -1.2 9.3 0.7
788 2018.01.06 -2.8 2.9 -6.8 0.0 0.0
789 2018.01.13 -4.4 -1.2 -6.6 8.3 0.4
790 2018.01.20 2.2 6.9 -1.0 5.1 0.0
791 2018.01.27 -9.9 -3.5 -15.9 1.8 0.0
792 2018.02.03 -7.3 -2.1 -10.4 1.3 0.5
793 2018.02.10 -0.5 3.2 -6.9 6.5 0.0
794 2018.02.17 -3.0 1.4 -7.1 1.9 0.0
795 2018.02.24 2.4 7.2 -1.1 6.1 0.0
796 2018.03.03 7.9 16.2 -0.1 4.1 0.0
797 2018.03.10 4.6 9.7 0.7 4.6 0.0
798 2018.03.17 6.6 14.0 0.5 4.4 0.0
799 2018.03.24 7.6 13.1 4.0 6.3 0.0
800 2018.03.31 14.0 20.1 9.3 4.4 0.0
801 2018.04.07 4.2 8.6 1.4 5.1 0.2
802 2018.04.14 9.0 14.8 7.5 8.9 9.0
803 2018.04.21 18.7 25.6 12.3 3.4 0.0
804 2018.04.28 15.4 21.7 10.5 0.0 0.0
805 2018.05.05 18.3 24.6 11.6 6.0 0.0
806 2018.05.12 14.2 16.1 11.8 10.0 32.0
807 2018.05.19 17.6 24.7 10.3 0.0 0.0
808 2018.05.26 21.8 29.6 14.0 1.0 0.0
809 2018.06.02 23.4 30.1 17.6 1.4 0.0
810 2018.06.09 23.7 30.1 18.9 6.6 0.5
811 2018.06.16 22.5 28.7 16.3 0.8 0.0
812 2018.06.23 24.5 28.9 20.9 8.0 0.0
813 2018.06.30 24.4 27.9 21.6 9.1 14.5
814 2018.07.07 23.7 29.2 19.5 3.6 0.0
815 2018.07.14 27.9 31.9 24.6 5.0 0.0
816 2018.07.21 30.6 36.9 24.9 0.3 0.0
817 2018.07.28 29.5 35.2 28.0 5.5 7.5
818 2018.08.04 31.1 34.9 28.0 3.4 0.0
819 2018.08.11 31.0 36.0 26.4 2.9 0.0
820 2018.08.18 26.7 32.1 21.5 5.0 0.0
821 2018.08.25 25.2 29.3 22.7 7.0 0.0
822 2018.09.01 25.5 30.9 20.8 1.5 0.0
823 2018.09.08 21.7 27.7 15.9 0.3 0.0
824 2018.09.15 23.3 26.0 21.0 9.8 0.2
825 2018.09.22 20.8 25.5 17.2 2.1 6.5
826 2018.09.29 20.2 27.0 14.6 0.4 0.0
827 2018.10.06 18.0 21.7 16.3 7.5 55.5
828 2018.10.13 12.5 19.8 6.1 0.0 0.0
829 2018.10.20 13.4 21.4 6.9 1.1 0.0
830 2018.10.27 8.7 11.6 6.2 1.6 0.0
831 2018.11.03 11.2 19.1 5.0 0.0 0.0
832 2018.11.10 11.9 17.1 8.8 3.1 0.0
833 2018.11.17 4.9 11.4 0.6 4.6 0.0
834 2018.11.24 2.6 3.8 0.3 9.0 10.9
835 2018.12.01 5.5 12.4 0.8 3.6 0.0
836 2018.12.08 -8.3 -4.4 -11.4 1.4 0.0
837 2018.12.15 -2.4 3.2 -7.8 3.6 0.0
838 2018.12.22 6.9 12.4 2.9 4.3 0.0
839 2018.12.29 -7.6 -3.0 -10.5 0.0 0.0
840 2019.01.05 -2.8 1.1 -5.5 0.5 0.0
841 2019.01.12 2.8 8.0 -0.6 3.9 0.0
842 2019.01.19 3.6 8.5 0.0 7.8 0.0
843 2019.01.26 -2.5 2.4 -6.5 0.0 0.0
844 2019.02.02 1.4 6.1 -3.2 7.5 0.0
845 2019.02.09 -5.4 -1.9 -8.6 4.4 0.0
846 2019.02.16 -2.7 1.5 -5.1 2.4 0.2
847 2019.02.23 6.8 14.5 0.5 2.9 0.0
848 2019.03.02 7.8 14.7 1.3 5.8 0.0
849 2019.03.09 7.2 14.9 -0.4 5.4 0.0
850 2019.03.16 4.3 9.2 0.2 5.5 0.0
851 2019.03.23 3.3 8.2 -0.4 3.0 1.7
852 2019.03.30 5.2 8.4 3.5 9.4 1.8
853 2019.04.06 9.3 12.2 5.9 8.5 0.8
854 2019.04.13 11.8 17.9 6.2 5.6 0.0
855 2019.04.20 14.3 19.1 9.7 7.1 1.2
856 2019.04.27 11.6 18.2 4.1 4.8 0.0
857 2019.05.04 19.5 27.4 12.0 4.9 0.0
858 2019.05.11 20.3 28.3 13.2 2.0 0.0
859 2019.05.18 22.8 25.9 19.1 8.5 0.0
860 2019.05.25 23.4 28.6 18.4 7.9 0.0
861 2019.06.01 18.9 23.7 14.8 5.5 0.0
862 2019.06.08 21.9 27.6 16.0 5.9 0.0
863 2019.06.15 21.9 27.4 17.9 3.1 2.1
864 2019.06.22 24.2 30.6 17.7 2.1 0.0
865 2019.06.29 23.1 27.7 19.6 8.1 1.5
866 2019.07.06 29.7 36.1 24.6 3.4 0.0
867 2019.07.13 24.9 29.7 22.1 6.4 0.0
868 2019.07.20 28.0 31.9 25.1 9.5 1.1
869 2019.07.27 28.4 33.4 24.9 7.6 0.6
870 2019.08.03 29.4 36.0 25.6 3.6 3.0
871 2019.08.10 31.5 36.5 26.6 5.1 0.0
872 2019.08.17 25.9 28.8 23.4 5.0 0.0
873 2019.08.24 24.1 27.3 21.5 5.5 0.0
874 2019.08.31 23.5 28.9 18.5 2.3 0.0
875 2019.09.07 25.7 29.5 22.6 10.0 2.8
876 2019.09.14 22.4 24.1 20.8 8.8 0.3
877 2019.09.21 19.6 22.1 18.3 9.6 0.0
878 2019.09.28 23.7 29.2 19.4 3.8 0.0
879 2019.10.05 18.7 21.9 14.7 7.0 0.6
